sucessive publication
profile of publication

dblp


kemeney young

Ranking SVM

counting clustersing(diversity of co-group, [dblp measure diversity])


co-pub papers will be better than single group


[remove weak links]


1 	['7D6F2C89'] 	6.0 36.0
2 	['7DA9C9BD'] 	63.0 452.0
3 	['7FA18E2D'] 	11.0 63.0
4 	['78BF4E87'] 	16.0 26.0
5 	['7E7B8914'] 	30.0 77.0
6 	['7FB6F81C'] 	2.0 18.0
7 	['7711F3AE'] 	32.0 163.0
8 	['286B65E2'] 	18.0 22.0
9 	['77CCE4A9'] 	17.0 76.0
10 	['13B7FEAA'] 	7.0 19.0
11 	['7FAAD3E0'] 	49.0 95.0
12 	['8060BA92'] 	8.0 99.0
13 	['7FE0DFF7'] 	2.0 14.0
14 	['7DC6888E'] 	9.0 9.0
15 	['81CBCC15'] 	56.0 125.0
16 	['0967B195'] 	5.0 7.0
17 	['7E9E1624'] 	21.0 49.0
18 	['7C004906'] 	0.0 18.0
19 	['005D4952'] 	3.0 5.0
20 	['7EFAC338'] 	1.0 15.0
21 	['808CDE26'] 	11.0 36.0
22 	['80D143E7'] 	13.0 42.0
23 	['86210DCE'] 	2.0 2.0
24 	['77392971'] 	3.0 4.0
25 	['80967664'] 	20.0 54.0
26 	['7FD69324'] 	9.0 15.0
27 	['7BE03044'] 	13.0 25.0
28 	['7CA60200'] 	33.0 211.0
29 	['7585C2A5'] 	6.0 183.0
30 	['7F08F36E'] 	13.0 27.0
31 	['7AD226B0'] 	11.0 40.0
32 	['817628DB'] 	3.0 6.0
33 	['80E19FD5'] 	3.0 4.0
34 	['7F3DAECD'] 	20.0 59.0
35 	['809C94ED'] 	8.0 14.0
36 	['77734E34'] 	2.0 5.0
37 	['79A744C8'] 	5.0 11.0
38 	['8187A14F'] 	8.0 11.0
39 	['11BE9902'] 	11.0 29.0
40 	['7E618A9C'] 	18.0 56.0
41 	['7EE76C8E'] 	17.0 128.0
42 	['7E345445'] 	1.0 7.0
43 	['80A31271'] 	11.0 16.0
44 	['794DCC81'] 	20.0 61.0
45 	['039F4027'] 	0.0 0.0
46 	['7108A6B1'] 	4.0 17.0
47 	['7E376911'] 	3.0 7.0
48 	['80E69EBF'] 	2.0 45.0
49 	['7C9529BA'] 	10.0 19.0
50 	['1247E4B1'] 	1.0 1.0
51 	['8608F40C'] 	30.0 88.0
52 	['794CEF4E'] 	3.0 8.0
53 	['2752C888'] 	1.0 8.0
54 	['7B53D376'] 	7.0 30.0
55 	['7C9A1453'] 	1.0 2.0
56 	['7E1CC173'] 	6.0 6.0
57 	['4AE0C86F'] 	7.0 25.0
58 	['7D405C9E'] 	2.0 11.0
59 	['799CF3F0'] 	90.0 392.0
60 	['804C7445'] 	0.0 2.0
61 	['026405C8'] 	3.0 5.0
62 	['8154F49E'] 	2.0 2.0
63 	['8236F3D3'] 	0.0 5.0
64 	['7F8FFB52'] 	3.0 8.0
65 	['80BDF5BD'] 	1.0 6.0
66 	['7F6E7FA9'] 	0.0 0.0
67 	['035981D9'] 	1.0 14.0
68 	['75ADA503'] 	6.0 29.0
69 	['081FA083'] 	2.0 2.0
70 	['7E38F75F'] 	3.0 10.0
71 	['09D59795'] 	3.0 13.0
72 	['7E5D095D'] 	1.0 1.0
73 	['7FA32E73'] 	1.0 2.0
74 	['757AFFAE'] 	2.0 36.0
75 	['82CC10A9'] 	2.0 7.0
76 	['84226611'] 	1.0 1.0
77 	['2343F253'] 	0.0 0.0
78 	['7D88F9FD'] 	0.0 1.0
79 	['75D748DE'] 	2.0 19.0
80 	['7FA25DB5'] 	7.0 64.0
81 	['0B0DE87E'] 	2.0 3.0
82 	['0143A0AF'] 	0.0 1.0
83 	['14519C72'] 	0.0 40.0
84 	['85496624'] 	0.0 1.0
85 	['754DBEB9'] 	4.0 4.0
86 	['80A30029'] 	24.0 69.0
87 	['06D85661'] 	6.0 40.0
88 	['7F1CED66'] 	0.0 0.0
89 	['0086F4F9'] 	10.0 40.0
90 	['7DE1A4AD'] 	2.0 4.0
91 	['7DC3F744'] 	7.0 28.0
92 	['7D096B3B'] 	1.0 2.0
93 	['0A0B7A9C'] 	3.0 6.0
94 	['2BB3FB8F'] 	10.0 21.0
95 	['78AD71C3'] 	1.0 2.0
96 	['7B453599'] 	0.0 4.0
97 	['7EAAC8AF'] 	5.0 7.0
98 	['7FF20D6C'] 	0.0 12.0
99 	['0DED84E3'] 	1.0 2.0
100 	['6CDCF1B0'] 	3.0 4.0
101 	['10070375'] 	2.0 2.0
102 	['806936B4'] 	2.0 200.0
103 	['7C52AEEE'] 	3.0 4.0
104 	['7BE4B8CE'] 	0.0 6.0
105 	['80C75D8D'] 	0.0 6.0
106 	['7FD1AED3'] 	14.0 26.0
107 	['06A9C280'] 	0.0 0.0
108 	['13BCADFE'] 	1.0 1.0
109 	['7DC21BA7'] 	0.0 2.0
110 	['7FA11BEC'] 	13.0 19.0
111 	['7BE9DF1E'] 	1.0 1.0
112 	['0B61E751'] 	3.0 3.0
113 	['7E73551D'] 	0.0 0.0
114 	['7D096B8F'] 	0.0 6.0
115 	['7570D68A'] 	2.0 15.0
116 	['7DCEB2C1'] 	0.0 6.0
117 	['7E163D71'] 	1.0 1.0
118 	['801F18CF'] 	3.0 7.0
119 	['2A274C10'] 	0.0 0.0
120 	['7E98CE7E'] 	1.0 3.0
121 	['80F636E3'] 	2.0 17.0
122 	['086DC613'] 	1.0 5.0
123 	['7AC77837'] 	8.0 13.0
124 	['80E8BAF3'] 	0.0 0.0
125 	['7E1E8906'] 	7.0 54.0
126 	['7F7CE5D7'] 	1.0 1.0
127 	['783FB8A3'] 	1.0 5.0
128 	['790EAD79'] 	0.0 2.0
129 	['852E181E'] 	3.0 8.0
130 	['6B3C8490'] 	2.0 6.0
131 	['47C4870E'] 	0.0 19.0
132 	['7F151FDD'] 	4.0 15.0
133 	['7E2E520E'] 	7.0 15.0
134 	['79A07CF0'] 	3.0 3.0
135 	['048C817D'] 	1.0 1.0
136 	['85B2FC14'] 	0.0 1.0
137 	['7C025DBC'] 	0.0 1.0
138 	['80CAE529'] 	7.0 66.0
139 	['857944CC'] 	4.0 5.0
140 	['7EA21167'] 	2.0 4.0
141 	['719D88A8'] 	2.0 14.0
142 	['0078CD06'] 	0.0 1.0
143 	['7D09E928'] 	5.0 23.0
144 	['8126DFC0'] 	4.0 10.0
145 	['10FD3250'] 	0.0 5.0
146 	['7F325AB6'] 	3.0 3.0
147 	['7C2FA4FF'] 	0.0 0.0
148 	['7E7B65A5'] 	6.0 12.0
149 	['7692B118'] 	3.0 21.0
150 	['28E52A1F'] 	18.0 46.0
151 	['7D339F95'] 	9.0 16.0
152 	['7893E39F'] 	0.0 0.0
153 	['7D27EE8F'] 	2.0 9.0
154 	['7FF2F173'] 	8.0 37.0
155 	['0879A645'] 	0.0 0.0
156 	['568B83D4'] 	8.0 13.0
157 	['0C2ADD4F'] 	3.0 20.0
158 	['801E5C2F'] 	11.0 32.0
159 	['773A328E'] 	0.0 8.0
160 	['804ADE13'] 	0.0 0.0
161 	['81462B35'] 	0.0 5.0
162 	['816DBAC9'] 	0.0 0.0
163 	['09DA41EC'] 	1.0 3.0
164 	['7D765AFB'] 	0.0 0.0
165 	['7EF19A5E'] 	0.0 2.0
166 	['75D91FB7'] 	0.0 0.0
167 	['7BA9A1EA'] 	4.0 6.0
168 	['02B88110'] 	1.0 1.0
169 	['8163B89A'] 	1.0 25.0
170 	['7D23FD37'] 	23.0 36.0
171 	['7A9DD708'] 	0.0 8.0
172 	['7DAB9B49'] 	0.0 0.0
173 	['773E92EE'] 	2.0 3.0
174 	['27D40735'] 	8.0 18.0
175 	['7FD486AD'] 	8.0 48.0
176 	['7EB42B2F'] 	1.0 5.0
177 	['09BFD5C2'] 	0.0 0.0
178 	['7A35660A'] 	1.0 6.0
179 	['80E95D68'] 	3.0 3.0
180 	['7A2F5EF8'] 	5.0 7.0
181 	['7B06C812'] 	0.0 1.0
182 	['7E2EF62C'] 	0.0 0.0
183 	['8102AECC'] 	4.0 16.0
184 	['768FDD96'] 	0.0 0.0
185 	['855E5094'] 	0.0 0.0
186 	['7DD1B583'] 	10.0 35.0
187 	['75A136DE'] 	2.0 3.0
188 	['7D59F547'] 	1.0 2.0
189 	['862483E7'] 	0.0 0.0
190 	['7ECD3DB7'] 	0.0 1.0
191 	['7D61629E'] 	0.0 48.0
192 	['7E54ECF1'] 	2.0 4.0
193 	['84840556'] 	0.0 1.0
194 	['84A174B1'] 	0.0 16.0
195 	['13B5FF00'] 	1.0 8.0
196 	['7D15431D'] 	1.0 1.0
197 	['460A8A38'] 	0.0 0.0
198 	['7D4A78F5'] 	2.0 2.0
199 	['85D62CA0'] 	0.0 1.0
200 	['7FC1EFA6'] 	8.0 11.0
201 	['7DD4E231'] 	2.0 2.0
202 	['789CE8DB'] 	0.0 0.0
203 	['7F55CA76'] 	0.0 1.0
204 	['83E7D91C'] 	0.0 0.0
205 	['7AE6CC00'] 	1.0 1.0
206 	['7D4D93E8'] 	1.0 21.0
207 	['7D043D09'] 	0.0 0.0
208 	['7D52FFCA'] 	2.0 26.0
209 	['7C103BC3'] 	0.0 0.0
210 	['28B672AA'] 	0.0 0.0
211 	['84B60F33'] 	0.0 0.0
212 	['13170639'] 	0.0 0.0
213 	['7F79759C'] 	0.0 2.0
214 	['7D1D6CF1'] 	2.0 3.0
215 	['8107CAC1'] 	0.0 0.0
216 	['7DC93FE4'] 	0.0 0.0
217 	['80EA56F4'] 	0.0 0.0
218 	['8174E472'] 	5.0 10.0
219 	['7E74F4FA'] 	1.0 1.0
220 	['7DCD8ED8'] 	0.0 1.0
221 	['22327862'] 	4.0 59.0
222 	['7E468250'] 	10.0 38.0
223 	['0E8A4E1C'] 	0.0 1.0
224 	['7FDD7370'] 	0.0 3.0
225 	['7AD4A44B'] 	0.0 5.0
226 	['7D9F3286'] 	0.0 0.0
227 	['7FCEB045'] 	0.0 1.0
228 	['7FB03B17'] 	0.0 3.0
229 	['84D4628F'] 	1.0 2.0
230 	['782F63B0'] 	1.0 3.0
231 	['2BF5D1D9'] 	4.0 8.0
232 	['7D76B80B'] 	0.0 0.0
233 	['7FE7388F'] 	0.0 1.0
234 	['85D9E0BF'] 	0.0 4.0
235 	['7DDE0AFF'] 	0.0 0.0
236 	['5DE63AF0'] 	4.0 15.0
237 	['7BEEA349'] 	0.0 1.0
238 	['734CF831'] 	2.0 3.0
239 	['800D8C66'] 	3.0 17.0
240 	['7FA47AE5'] 	0.0 0.0
241 	['8164AF1B'] 	0.0 1.0
242 	['78E44379'] 	0.0 0.0
243 	['6BCEFF2B'] 	0.0 1.0
244 	['801BCA4B'] 	1.0 2.0
245 	['284044B6'] 	0.0 5.0
246 	['7F29D1C3'] 	0.0 8.0
247 	['84F45364'] 	2.0 2.0
248 	['80A597CD'] 	0.0 0.0
249 	['803BCA82'] 	1.0 1.0
250 	['7B745B3B'] 	0.0 0.0
251 	['84F553C9'] 	0.0 0.0
252 	['040F9D35'] 	0.0 0.0
253 	['7A15E4CD'] 	0.0 4.0
254 	['7FA2CE5D'] 	0.0 1.0
255 	['7FDB6ABE'] 	0.0 0.0
256 	['7E8688F9'] 	1.0 2.0
257 	['80B03C19'] 	0.0 0.0
258 	['7F859516'] 	1.0 2.0
259 	['7F980028'] 	0.0 1.0
260 	['6CC6BDBB'] 	0.0 1.0
261 	['7FE3B021'] 	0.0 0.0
262 	['84D6CA49'] 	1.0 1.0
263 	['29F33C18'] 	1.0 4.0
264 	['84146070'] 	29.0 235.0
265 	['805319BD'] 	0.0 0.0
266 	['130444CB'] 	0.0 0.0
267 	['4816BF99'] 	1.0 1.0
268 	['7F2B09F7'] 	1.0 1.0
269 	['7633B9BC'] 	0.0 0.0
270 	['7FE4500E'] 	0.0 0.0
271 	['289B8FE6'] 	1.0 1.0
272 	['843B64F9'] 	2.0 2.0
273 	['0C31A4B8'] 	1.0 1.0
274 	['79EA5E8E'] 	0.0 0.0
275 	['7D427A69'] 	0.0 0.0
276 	['7798B9F1'] 	0.0 4.0
277 	['833CF654'] 	0.0 1.0
278 	['7F52550F'] 	0.0 0.0
279 	['8086F836'] 	1.0 1.0
280 	['84579F28'] 	0.0 0.0
281 	['812BCEEA'] 	0.0 0.0
282 	['7E0DE740'] 	0.0 0.0
283 	['7F771190'] 	0.0 8.0
284 	['8167D0A6'] 	1.0 13.0
285 	['7EA331C0'] 	1.0 1.0
286 	['7D098C23'] 	0.0 17.0
287 	['810F2B1A'] 	9.0 66.0
288 	['8115582F'] 	3.0 19.0
289 	['767B24B6'] 	0.0 2.0
290 	['7BDD6246'] 	2.0 3.0
291 	['80F32378'] 	1.0 1.0
292 	['823D4097'] 	1.0 2.0
293 	['772C2B40'] 	0.0 3.0
294 	['487BD07D'] 	0.0 0.0
295 	['8447F388'] 	0.0 1.0
296 	['7D3D090D'] 	0.0 0.0
297 	['78AFCB14'] 	0.0 1.0
298 	['7DAE53A4'] 	0.0 0.0
299 	['01129A99'] 	0.0 0.0
300 	['80E35857'] 	0.0 0.0
301 	['7DA8C227'] 	0.0 0.0
302 	['7F67544A'] 	1.0 2.0
303 	['76542C0C'] 	0.0 0.0
304 	['7E60A65E'] 	3.0 7.0
305 	['7DE92B76'] 	0.0 0.0
306 	['7D8F8263'] 	0.0 0.0
307 	['76E6A9DA'] 	0.0 0.0
308 	['81647951'] 	2.0 6.0
309 	['7D981D5D'] 	0.0 0.0
310 	['0D2BBD1D'] 	0.0 0.0
311 	['80B64BFD'] 	1.0 2.0
312 	['0E69A785'] 	2.0 2.0
313 	['0E18E112'] 	20.0 35.0
314 	['0014662E'] 	1.0 2.0
315 	['7F83AA45'] 	0.0 9.0
316 	['7DBED431'] 	1.0 13.0
317 	['2AD2CBFD'] 	3.0 101.0
318 	['80699EFD'] 	0.0 0.0
319 	['17A8BA17'] 	0.0 0.0
320 	['0002CC7E'] 	0.0 0.0
321 	['7BDFDEBC'] 	0.0 0.0
322 	['2470EC2E'] 	0.0 4.0
323 	['851C2DF8'] 	0.0 11.0
324 	['09535573'] 	1.0 3.0
325 	['7DA9490F'] 	0.0 2.0
326 	['2880604F'] 	10.0 26.0
327 	['018E8FE1'] 	0.0 0.0
328 	['7D3B6BA2'] 	0.0 4.0
329 	['08919451'] 	2.0 2.0
330 	['7864BA48'] 	3.0 10.0
331 	['7FFC387F'] 	10.0 35.0
332 	['848E4339'] 	10.0 19.0
333 	['849E1047'] 	1.0 4.0
334 	['81059A50'] 	1.0 3.0
335 	['7CDE2F4F'] 	2.0 4.0
336 	['80242212'] 	1.0 3.0
337 	['06C32B00'] 	0.0 0.0
338 	['6FB0016C'] 	0.0 0.0
339 	['78AE96FB'] 	1.0 5.0
340 	['2938FED0'] 	4.0 4.0
341 	['034858EA'] 	2.0 2.0
342 	['09CA343F'] 	0.0 3.0
343 	['7DB92CAB'] 	0.0 0.0
344 	['7E6B8807'] 	0.0 0.0
345 	['8093C422'] 	0.0 0.0
346 	['80B78A2A'] 	0.0 0.0
347 	['81C13074'] 	8.0 36.0
348 	['7AAD1024'] 	9.0 16.0
349 	['7BCEEE1F'] 	0.0 1.0
350 	['7F7E5256'] 	0.0 2.0
351 	['7ED13887'] 	0.0 0.0
352 	['8492F264'] 	4.0 28.0
353 	['7D668D6C'] 	0.0 0.0
354 	['7CA1E723'] 	1.0 3.0
355 	['811C783C'] 	0.0 0.0
356 	['80C972A1'] 	1.0 2.0
357 	['79BD4DA4'] 	0.0 0.0
358 	['025ED93C'] 	8.0 30.0
359 	['803BE5F0'] 	0.0 1.0
360 	['8113CBE7'] 	2.0 79.0
361 	['14C0E9CF'] 	1.0 4.0
362 	['2B793FB3'] 	0.0 0.0
363 	['77D1CDB2'] 	0.0 32.0
364 	['7F8FFBC8'] 	0.0 0.0
365 	['810ACB90'] 	1.0 19.0
366 	['06A270BF'] 	0.0 0.0
367 	['82CAC642'] 	0.0 0.0
368 	['7DD5260F'] 	0.0 4.0
369 	['7C8794C4'] 	1.0 1.0
370 	['670E8073'] 	0.0 0.0
371 	['84575F93'] 	4.0 4.0
372 	['791F6BEB'] 	5.0 30.0
373 	['834D2F09'] 	24.0 41.0
374 	['786143B5'] 	0.0 0.0
375 	['1CD7A5D2'] 	0.0 0.0
376 	['27DC09A0'] 	0.0 0.0
377 	['7EB68DB2'] 	8.0 9.0
378 	['8131C934'] 	1.0 4.0
379 	['8193C192'] 	0.0 0.0
380 	['7ECA58D7'] 	0.0 1.0
381 	['803D189A'] 	13.0 89.0
382 	['7F8B6A72'] 	0.0 0.0
383 	['79634CD9'] 	1.0 38.0
384 	['79E07F90'] 	0.0 8.0
385 	['4E165919'] 	4.0 10.0
386 	['7EC88256'] 	0.0 0.0
387 	['7F9AD256'] 	0.0 0.0
388 	['0853FFF1'] 	0.0 2.0
389 	['7FAEE3BD'] 	3.0 3.0
390 	['0C8D7FDD'] 	0.0 1.0
391 	['7514DDF6'] 	2.0 2.0
392 	['7E61C6B6'] 	7.0 16.0
393 	['7F190F6F'] 	1.0 12.0
394 	['7F47FFAE'] 	1.0 1.0
395 	['7EC643B5'] 	0.0 1.0
396 	['0C1BCCC0'] 	1.0 20.0
397 	['7FED54B3'] 	0.0 1.0
398 	['85BF6927'] 	0.0 0.0
399 	['7DA5F6B8'] 	0.0 0.0
400 	['7DB7EBA1'] 	0.0 0.0
401 	['7D8C707E'] 	0.0 0.0
402 	['81053AEC'] 	6.0 8.0
403 	['80EB4FB8'] 	0.0 6.0
404 	['7FC2FBF6'] 	1.0 1.0
405 	['7ECDCF27'] 	0.0 0.0
406 	['18360E70'] 	0.0 0.0
407 	['8161CA2E'] 	1.0 3.0
408 	['7EE4E929'] 	0.0 0.0
409 	['79F6F81F'] 	0.0 0.0
410 	['7B718B60'] 	0.0 1.0
411 	['8579E890'] 	1.0 2.0
412 	['828804BD'] 	0.0 0.0
413 	['1399B688'] 	0.0 0.0
414 	['8293BED8'] 	0.0 0.0
415 	['690E2C68'] 	0.0 1.0
416 	['78E48108'] 	1.0 1.0
417 	['775E042C'] 	1.0 4.0
418 	['7FB2CC5E'] 	0.0 0.0
419 	['7C02660B'] 	1.0 1.0
420 	['7CE3FF2B'] 	0.0 6.0
421 	['77AE1687'] 	0.0 0.0
422 	['0035206C'] 	0.0 1.0
423 	['7BBDEFE0'] 	0.0 0.0
424 	['7D309290'] 	0.0 0.0
425 	['79C7CCF0'] 	0.0 13.0
426 	['5E0EC40A'] 	0.0 0.0
427 	['785C16C0'] 	0.0 0.0
428 	['7D39D5F3'] 	0.0 1.0
429 	['7FA1DDB8'] 	10.0 16.0
430 	['1039D20E'] 	0.0 0.0
431 	['7907FBC8'] 	0.0 0.0
432 	['772DCAD9'] 	0.0 0.0
433 	['7D3C078D'] 	0.0 0.0
434 	['2BC9C634'] 	0.0 0.0
435 	['7F7E36C2'] 	0.0 0.0
436 	['29F6ABEB'] 	0.0 0.0
437 	['05AD0CF0'] 	0.0 0.0
438 	['7DC076A2'] 	0.0 0.0
439 	['83FADD3F'] 	0.0 0.0
440 	['0D9C0BD2'] 	0.0 1.0
441 	['7FBCC9EC'] 	0.0 0.0
442 	['807B3A67'] 	1.0 1.0
443 	['7DEFC7CE'] 	0.0 0.0
444 	['7CBB1004'] 	0.0 1.0
445 	['7D9742B5'] 	1.0 4.0
446 	['809445E7'] 	0.0 0.0
447 	['7F301F1F'] 	0.0 0.0
448 	['80E5990B'] 	1.0 2.0
449 	['7DAFAA04'] 	0.0 0.0
450 	['7E61C726'] 	0.0 0.0
451 	['7E16380F'] 	0.0 3.0
452 	['81A8A7AD'] 	0.0 0.0
453 	['7EBF6840'] 	1.0 2.0
454 	['7E8A01BC'] 	3.0 3.0
455 	['43206DAE'] 	0.0 0.0
456 	['7A56831D'] 	0.0 0.0
457 	['7EA1F4B9'] 	0.0 0.0
458 	['7F000AF1'] 	0.0 26.0
459 	['852677EC'] 	0.0 2.0
460 	['82695A20'] 	0.0 0.0
461 	['6E424417'] 	0.0 0.0
462 	['8623585F'] 	0.0 1.0
463 	['80AD9709'] 	0.0 0.0
464 	['75A6DDED'] 	0.0 0.0
465 	['275349A4'] 	1.0 1.0
466 	['0EDA382A'] 	0.0 2.0
467 	['0F7AA4EA'] 	1.0 1.0
468 	['76CF186B'] 	0.0 0.0
469 	['79FE7D9F'] 	1.0 10.0
470 	['79B79B4F'] 	1.0 5.0
471 	['7EA3E66C'] 	0.0 0.0
472 	['7F286CCA'] 	2.0 9.0
473 	['802B9CA2'] 	2.0 2.0
474 	['76B271BE'] 	0.0 3.0
475 	['79AB5AA7'] 	4.0 5.0
476 	['7DF2DE66'] 	2.0 2.0
477 	['70984B0F'] 	0.0 0.0
478 	['747D5F38'] 	0.0 0.0
479 	['7DC97F3A'] 	3.0 4.0
480 	['00D75507'] 	1.0 3.0
481 	['75721CD3'] 	0.0 0.0
482 	['0C0B0994'] 	0.0 0.0
483 	['5D5AFAD3'] 	0.0 1.0
484 	['7116B905'] 	0.0 0.0
485 	['7E885DDF'] 	0.0 0.0
486 	['7E5821AE'] 	0.0 0.0
487 	['815755D1'] 	0.0 1.0
488 	['11726680'] 	0.0 4.0
489 	['7A78D396'] 	1.0 3.0
490 	['7AAD2D18'] 	0.0 0.0
491 	['7D01E4B5'] 	0.0 0.0
492 	['7A7797E9'] 	0.0 0.0
493 	['80BE4763'] 	0.0 1.0
494 	['5D8719F8'] 	0.0 0.0
495 	['7B0CF848'] 	0.0 0.0
496 	['6D2BA8BE'] 	0.0 0.0
497 	['7EBE0244'] 	1.0 1.0
498 	['83EAB65A'] 	0.0 0.0
499 	['84D77563'] 	2.0 2.0
500 	['78759ED2'] 	1.0 12.0