2157167265	11885	1995
416744812	13606	1995
278697306	16526	1995
168172700	10238	1997
2000084066	18811	1999
429870382	12337	1998
298237991	11609	1997
2148001072	12797	1995
2066703253	13841	1995
2291315724	15107	2000
526281232	10514	1995
249135299	10174	1995
2169057019	12710	1995
1901316852	12150	1995
2134193755	10504	1996
2006324995	11494	1997
2213385919	19936	1997
2157095084	11964	1999
2119587503	10071	2000
2231497158	20429	2000
323494375	11326	1995
248964699	14367	1999
696648706	13900	1997
196700306	25541	1995
2159809079	10626	1997
558944734	12458	1995
297432538	17545	1995
177795906	14022	1998
1971062812	21178	2000
1244011326	16427	1996
2242368477	12310	1996
679243772	19246	1995
2007415138	13914	2000
2010759395	15871	1997
1996284917	21489	1997
2145824728	19785	1995
2103031072	10502	2001
2138160959	15067	1995
2068001265	10765	1999
2307674106	23269	1998
24945368	10634	1997
1536378997	11671	1996
2053101140	11391	1999
1270708332	12663	2001
2261418390	10072	1997
1422935874	17859	1998
868815493	37238	1997
30689654	14330	1998
2021745024	11355	1995
271023826	15398	2001
2083498251	10749	1999
2114854442	15271	1995
610238476	35641	1996
2086012036	13618	1996
2104847353	11737	1996
116710219	10712	1997
134707954	11261	2001
1966234543	12392	2000
2135742532	10572	1996
2114440726	11046	2001
190228929	10815	1999
16280402	17977	1996
2094956982	12704	1997
1784694816	17015	2000
1998136094	21522	1996
2136377969	19296	1999
2076865530	10586	2000
688454740	17611	1996
2078459163	14920	1996
2083869862	10711	1996
2010116062	10524	2001
166913908	10450	1997
2009231323	15353	1997
2289542319	16075	2001
1700622632	10705	2000
737083156	19005	1998
2280654194	26161	1998
2133063663	14175	2000
2054361472	14225	1996
27377996	12887	1998
2051370814	10240	1996
1966552824	13857	1998
124780864	15926	1996
2131729427	10630	1999
1973832741	12515	1996
1999946934	10008	2000
2232962782	12486	1999
2097525001	18062	1995
1969309091	27774	1996
820547186	18823	1996
2273928781	14300	1997
1901342555	10873	1995
2021019090	12178	1995
1957692837	19010	2000
1865584588	12450	1998
2155519634	14920	1996
77808685	11097	1997
2227018311	15888	1999
2116510304	11401	1996
2114063800	14557	1997
796906419	17041	2000
2103604134	10553	1997
2029196934	11957	1996
2010142017	14427	1996
182208903	10642	2001
673128878	11095	1997
2156595932	15375	1996
137115788	15585	1996
2193326017	33611	1995
2056275757	11980	1995
2134493057	17875	1996
2149334469	26759	1995
220505667	12568	1999
2052648321	13152	1995
2132264901	10316	2000
1979982182	29838	1995
32291330	22063	1995
2058905646	10766	2000
1414181546	13539	1996
2223019106	10840	2001
1976481696	11695	1995
2039141734	19009	1995
2311737669	13480	1995
682379940	15762	1996
2047086083	33258	1998
2152053248	13926	1997
2044882565	13257	2000
2295034103	10652	1996
2171483169	10065	1995
2271536143	11271	1995
2165845073	10058	1996
2280075228	12755	1998
2109961709	24658	1995
2114242159	14179	1997
729891979	12630	1996
1941402522	10633	1997
1261795558	13585	1997
216625234	10938	2000
2133073743	11831	1995
2140092859	41509	1998
120720947	13133	2001
1162267876	13044	1995
2270068173	10931	1997
1985963267	12380	1995
2054682710	13857	1996
2305243664	18813	2000
1743878486	16482	1996
2303616703	10063	1998
251604684	11070	1996
2158821621	12168	1996
1973089578	14813	1996
391530024	14614	1996
2138800916	10374	1996
1918482174	11286	1999
2114029635	13248	1997
15177262	11402	1998
2127484256	19844	2000
210037152	22101	1998
2068788393	13974	2001
288797460	13193	1996
1961253000	18041	1998
237112227	20368	1997
1966076528	20960	1996
2188411458	11481	1998
1841287056	15628	1997
1958098182	12473	1996
668066243	18814	2000
2307294189	16680	2001
294022632	16916	1999
2151190238	10565	1996
2168483730	13398	1996
2059558946	16564	1996
2061891535	11086	1998
346809639	15778	1997
2011912428	10354	1996
2159077351	11553	1995
2232015664	12769	1995
1839893645	11422	1995
109253723	12214	1996
230775963	11175	2000
2072140235	13269	2000
2056355882	14318	1998
2017532309	27614	1997
2080844218	10011	2000
1549134639	13143	1997
2118847836	14136	1997
1913886782	12397	1998
692491378	17307	1995
2028015276	15112	1995
